,timestamp,LatAcc,LongAcc,YawRate,SteeringAng,BrkPed,WheelVelR,WheelVelL,TrnsShft,VehSpd,ThrPstn
0,0, , , ,-2.4375, , , , , , 
1,0.05, , , , ,0.392157, , , , , 
2,0.1, , , , , ,4.488,4.492, , , 
3,0.15,0.125,-0.3125, , , , , , , , 
4,0.2, , ,-0.456, , , , , , , 
5,0.25, , , , , , , ,4, , 
6,0.3, , , ,-2.4375, , , , , , 
7,0.35, , , , ,0.392157, , , , , 
8,0.4, , , , , ,4.492,4.496, , , 
9,0.45,0.1875,-0.25, , , , , , , , 
10,0.5, , ,-0.432, , , , , , , 
11,0.55, , , ,-2.4375, , , , , , 
12,0.6, , , , , , , ,4, , 
13,0.65, , , , ,0.392157, , , , , 
14,0.7, , , , , ,4.496,4.5, , , 
15,0.75,0.1875,-0.1875, , , , , , , , 
16,0.8, , ,-0.432, , , , , , , 
17,0.85, , , , ,0.392157, , , , , 
18,0.9, , , ,-2.4375, , , , , , 
19,0.95,0.125,-0.1875, , , , , , , , 
20,1, , , , , ,4.488,4.5, , , 
21,1.05, , ,-0.432, , , , , , , 
22,1.1, , , , , , , ,4, , 
23,1.15, , , , , , , , , , 
24,1.2, , , ,-2.4375, , , , , , 
25,1.25, , , , ,0.392157, , , , , 
26,1.3, , , , , ,4.488,4.492, , , 
27,1.35,0.125,-0.1875, , , , , , , , 
28,1.4, , ,-0.432, , , , , , , 
29,1.45, , , , , , , , , ,0.392157
30,1.5, , , , , , , ,4, , 
31,1.55, , , ,-2.4375, , , , , , 
32,1.6, , , , ,0.392157, , , , , 
33,1.65, , , , , ,4.488,4.5, , , 
34,1.7,0.125,-0.1875, , , , , , , , 
35,1.75, , ,-0.432, , , , , , , 
36,1.8, , , , , , , ,4, , 
37,1.85, , , ,-2.4375, , , , , , 
38,1.9, , , , ,0.392157, , , , , 
39,1.95, , , , , ,4.488,4.492, , , 
40,2,0.1875,-0.25, , , , , , , , 
41,2.05, , ,-0.384, , , , , , , 
42,2.1, , , ,-2.4375, , , , , , 
43,2.15, , , , ,0.392157, , , , , 
44,2.2, , , , , , , ,4, , 
45,2.25, , , , , ,4.488,4.492, , , 
46,2.3,0.25,-0.25, , , , , , , , 
47,2.35, , ,-0.384, , , , , , , 
48,2.4, , , , ,0.392157, , , , , 
49,2.45, , , ,-2.5, , , , , , 
50,2.5, , , , , ,4.488,4.496, , , 
51,2.55,0.1875,-0.25, , , , , , , , 
52,2.6, , ,-0.384, , , , , , , 
53,2.65, , , , , , , ,4, , 
54,2.7, , , ,-2.4375, , , , , , 
55,2.75, , , , ,0.392157, , , , , 
56,2.8, , , , , ,4.492,4.496, , , 
57,2.85,0.125,-0.25, , , , , , , , 
58,2.9, , ,-0.408, , , , , , , 
59,2.95, , , , , , , ,4, , 
60,3, , , ,-2.5, , , , , , 
61,3.05, , , , ,0.392157, , , , , 
62,3.1, , , , , ,4.492,4.5, , , 
63,3.15,0.125,-0.25, , , , , , , , 
64,3.2, , ,-0.432, , , , , , , 
65,3.25, , , , , , , ,4, , 
66,3.3, , , ,-2.5, , , , , , 
67,3.35, , , , ,0.392157, , , , , 
68,3.4, , , , , ,4.492,4.496, , , 
69,3.45,0.1875,-0.1875, , , , , , , , 
70,3.5, , ,-0.408, , , , , , , 
71,3.55, , , ,-2.5, , , , , , 
72,3.6, , , , ,0.392157, , , , , 
73,3.65, , , , , , , ,4, , 
74,3.7, , , , , ,4.492,4.484, , , 
75,3.75,0.1875,-0.1875, , , , , , , , 
76,3.8, , ,-0.336, , , , , , , 
77,3.85, , , , ,0.392157, , , , , 
78,3.9, , , ,-2.5, , , , , , 
79,3.95, , , , , ,4.492,4.488, , , 
80,4,0.1875,-0.25, , , , , , , , 
81,4.05, , ,-0.288, , , , , , , 
82,4.1, , , , , , , ,4, , 
83,4.15, , , , , , , , ,41.578125, 
84,4.2, , , ,-2.5, , , , , , 
85,4.25, , , , ,0.392157, , , , , 
86,4.3, , , , , ,4.488,4.48, , , 
87,4.35,0.1875,-0.25, , , , , , , , 
88,4.4, , ,-0.336, , , , , , , 
89,4.45, , , , , , , , , ,0.392157
90,4.5, , , , , , , ,4, , 
91,4.55, , , ,-2.5625, , , , , , 
92,4.6, , , , ,0.392157, , , , , 
93,4.65, , , , , ,4.488,4.488, , , 
94,4.7,0.125,-0.25, , , , , , , , 
95,4.75, , ,-0.432, , , , , , , 
96,4.8, , , , , , , ,4, , 
97,4.85, , , ,-2.5625, , , , , , 
98,4.9, , , , , , , , , , 
99,4.95, , , , ,0.392157, , , , , 
100,5, , , , , ,4.496,4.492, , , 
101,5.05,0.0625,-0.1875, , , , , , , , 
102,5.1, , ,-0.552, , , , , , , 
103,5.15, , , ,-2.5625, , , , , , 
104,5.2, , , , ,0.392157, , , , , 
105,5.25, , , , , , , ,4, , 
106,5.3, , , , , ,4.488,4.488, , , 
107,5.35,0.0625,-0.1875, , , , , , , , 
108,5.4, , ,-0.624, , , , , , , 
109,5.45, , , , ,0.392157, , , , , 
110,5.5, , , ,-2.625, , , , , , 
111,5.55, , , , , ,4.496,4.492, , , 
112,5.6,0.0625,-0.25, , , , , , , , 
113,5.65, , ,-0.624, , , , , , , 
114,5.7, , , , , , , ,4, , 
115,5.75, , , , ,0.392157, , , , , 
116,5.8, , , ,-2.625, , , , , , 
117,5.85, , , , , ,4.5,4.484, , , 
118,5.9,0.0625,-0.25, , , , , , , , 
119,5.95, , ,-0.552, , , , , , , 
120,6, , , , , , , ,4, , 
121,6.05, , , , , , , , , , 
122,6.1, , , ,-2.6875, , , , , , 
123,6.15, , , , ,0.392157, , , , , 
124,6.2, , , , , ,4.488,4.492, , , 
125,6.25,0.125,-0.3125, , , , , , , , 
126,6.3, , ,-0.504, , , , , , , 
127,6.35, , , , , , , ,4, , 
128,6.4, , , ,-2.75, , , , , , 
129,6.45, , , , ,0.392157, , , , , 
130,6.5, , , , , ,4.5,4.492, , , 
131,6.55,0.125,-0.3125, , , , , , , , 
132,6.6, , ,-0.48, , , , , , , 
133,6.65, , , ,-2.75, , , , , , 
134,6.7, , , , ,0.392157, , , , , 
135,6.75, , , , , , , ,4, , 
136,6.8, , , , , ,4.488,4.492, , , 
137,6.85,0.125,-0.1875, , , , , , , , 
138,6.9, , ,-0.528, , , , , , , 
139,6.95, , , , ,0.392157, , , , , 
140,7, , , ,-2.75, , , , , , 
141,7.05, , , , , ,4.492,4.492, , , 
142,7.1,0.125,-0.125, , , , , , , , 
143,7.15, , ,-0.552, , , , , , , 
144,7.2, , , , , , , ,4, , 
145,7.25, , , , , , , , ,41.578125, 
146,7.3, , , ,-2.75, , , , , , 
147,7.35, , , , ,0.392157, , , , , 
148,7.4, , , , , ,4.492,4.492, , , 
149,7.45,0.0625,-0.125, , , , , , , , 
150,7.5, , ,-0.552, , , , , , , 
151,7.55, , , , , , , , , ,0.392157
152,7.6, , , , , , , ,4, , 
153,7.65, , , ,-2.8125, , , , , , 
154,7.7, , , , ,0.392157, , , , , 
155,7.75, , , , , ,4.48,4.492, , , 
156,7.8,0.0625,-0.1875, , , , , , , , 
157,7.85, , ,-0.528, , , , , , , 
158,7.9, , , , , , , ,4, , 
159,7.95, , , ,-2.875, , , , , , 
160,8, , , , ,0.392157, , , , , 
161,8.05, , , , , ,4.488,4.488, , , 
162,8.1,0.125,-0.25, , , , , , , , 
163,8.15, , ,-0.456, , , , , , , 
164,8.2, , , ,-3, , , , , , 
165,8.25, , , , , , , ,4, , 
166,8.3, , , , ,0.392157, , , , , 
167,8.35, , , , , ,4.484,4.484, , , 
168,8.4,0.1875,-0.3125, , , , , , , , 
169,8.45, , ,-0.432, , , , , , , 
170,8.5, , , ,-3.125, , , , , , 
171,8.55, , , , ,0.392157, , , , , 
172,8.6, , , , , ,4.484,4.488, , , 
173,8.65,0.1875,-0.3125, , , , , , , , 
174,8.7, , ,-0.432, , , , , , , 
175,8.75, , , , , , , ,4, , 
176,8.8, , , ,-3.125, , , , , , 
177,8.85, , , , ,0.392157, , , , , 
178,8.9, , , , , ,4.492,4.488, , , 
179,8.95,0.125,-0.3125, , , , , , , , 
180,9, , ,-0.432, , , , , , , 
181,9.05, , , , , , , ,4, , 
182,9.1, , , ,-3.1875, , , , , , 
183,9.15, , , , ,0.392157, , , , , 
184,9.2, , , , , ,4.48,4.496, , , 
185,9.25,0.0625,-0.25, , , , , , , , 
186,9.3, , ,-0.456, , , , , , , 
187,9.35, , , , , , , ,4, , 
188,9.4, , , ,-3.25, , , , , , 
189,9.45, , , , ,0.392157, , , , , 
190,9.5, , , , , ,4.488,4.492, , , 
191,9.55,0,-0.1875, , , , , , , , 
192,9.6, , ,-0.48, , , , , , , 
193,9.65, , , ,-3.3125, , , , , , 
194,9.7, , , , ,0.392157, , , , , 
195,9.75, , , , , , , ,4, , 
196,9.8, , , , , ,4.484,4.492, , , 
197,9.85,0,-0.1875, , , , , , , , 
198,9.9, , ,-0.504, , , , , , , 
199,9.95, , , ,-3.375, , , , , , 
200,10, , , , ,0.392157, , , , , 
201,10.05, , , , , ,4.488,4.488, , , 
202,10.1,0.0625,-0.1875, , , , , , , , 
203,10.15, , ,-0.48, , , , , , , 
204,10.2, , , , , , , ,4, , 
205,10.25, , , , , , , , ,41.578125, 
206,10.3, , , ,-3.375, , , , , , 
207,10.35, , , , ,0.392157, , , , , 
208,10.4, , , , , ,4.488,4.48, , , 
209,10.45,0.0625,-0.25, , , , , , , , 
210,10.5, , ,-0.48, , , , , , , 
211,10.55, , , , , , , , , ,0.392157
212,10.6, , , , , , , ,4, , 
213,10.65, , , ,-3.4375, , , , , , 
214,10.7, , , , ,0.392157, , , , , 
215,10.75, , , , , ,4.488,4.492, , , 
216,10.8,0.125,-0.25, , , , , , , , 
217,10.85, , ,-0.504, , , , , , , 
218,10.9, , , , , , , ,4, , 
219,10.95, , , ,-3.4375, , , , , , 
220,11, , , , ,0.392157, , , , , 
221,11.05, , , , , ,4.492,4.488, , , 
222,11.1,0.1875,-0.25, , , , , , , , 
223,11.15, , ,-0.528, , , , , , , 
224,11.2, , , ,-3.4375, , , , , , 
225,11.25, , , , ,0.392157, , , , , 
226,11.3, , , , , , , ,4, , 
227,11.35, , , , , ,4.496,4.48, , , 
228,11.4,0.125,-0.25, , , , , , , , 
229,11.45, , ,-0.552, , , , , , , 
230,11.5, , , ,-3.4375, , , , , , 
231,11.55, , , , ,0.392157, , , , , 
232,11.6, , , , , ,4.484,4.484, , , 
233,11.65,0.125,-0.1875, , , , , , , , 
234,11.7, , ,-0.576, , , , , , , 
235,11.75, , , , , , , ,4, , 
236,11.8, , , ,-3.5, , , , , , 
237,11.85, , , , ,0.392157, , , , , 
238,11.9, , , , , ,4.492,4.48, , , 
239,11.95,0.0625,-0.125, , , , , , , , 
240,12, , ,-0.552, , , , , , , 
241,12.05, , , , , , , ,4, , 
242,12.1, , , ,-3.5, , , , , , 
243,12.15, , , , ,0.392157, , , , , 
244,12.2, , , , , ,4.488,4.48, , , 
245,12.25,0.0625,-0.125, , , , , , , , 
246,12.3, , ,-0.504, , , , , , , 
247,12.35, , , , , , , ,4, , 
248,12.4, , , , , , , , , , 
249,12.45, , , ,-3.5, , , , , , 
250,12.5, , , , ,0.392157, , , , , 
251,12.55, , , , , ,4.488,4.492, , , 
252,12.6,0.125,-0.1875, , , , , , , , 
253,12.65, , ,-0.48, , , , , , , 
254,12.7, , , ,-3.5, , , , , , 
255,12.75, , , , , , , ,4, , 
256,12.8, , , , ,0.392157, , , , , 
257,12.85, , , , , ,4.48,4.488, , , 
258,12.9,0.125,-0.25, , , , , , , , 
259,12.95, , ,-0.528, , , , , , , 
260,13, , , ,-3.5625, , , , , , 
261,13.05, , , , ,0.392157, , , , , 
262,13.1,0.0625,-0.25, , , , , , , , 
263,13.15, , , , , ,4.492,4.488, , , 
264,13.2, , ,-0.6, , , , , , , 
265,13.25, , , , , , , ,4, , 
266,13.3, , , , , , , , ,41.484375, 
267,13.35, , , ,-3.5625, , , , , , 
268,13.4, , , , ,0.392157, , , , , 
269,13.45, , , , , ,4.484,4.492, , , 
270,13.5,0,-0.25, , , , , , , , 
271,13.55, , ,-0.648, , , , , , , 
272,13.6, , , , , , , , , ,0.392157
273,13.65, , , , , , , ,4, , 
274,13.7, , , , , , , , , , 
275,13.75, , , ,-3.5625, , , , , , 
276,13.8, , , , ,0.392157, , , , , 
277,13.85, , , , , ,4.476,4.492, , , 
278,13.9,0,-0.1875, , , , , , , , 
279,13.95, , ,-0.672, , , , , , , 
280,14, , , , , , , ,4, , 
281,14.05, , , ,-3.5625, , , , , , 
282,14.1, , , , ,0.392157, , , , , 
283,14.15, , , , , ,4.484,4.492, , , 
284,14.2,0,-0.125, , , , , , , , 
285,14.25, , ,-0.624, , , , , , , 
286,14.3, , , ,-3.5625, , , , , , 
287,14.35, , , , ,0.392157, , , , , 
288,14.4, , , , , , , ,4, , 
289,14.45, , , , , ,4.484,4.492, , , 
290,14.5,0,-0.1875, , , , , , , , 
291,14.55, , ,-0.576, , , , , , , 
292,14.6, , , ,-3.5625, , , , , , 
293,14.65, , , , ,0.392157, , , , , 
294,14.7, , , , , ,4.48,4.492, , , 
295,14.75,0,-0.25, , , , , , , , 
296,14.8, , ,-0.576, , , , , , , 
297,14.85, , , , , , , ,4, , 
298,14.9, , , ,-3.5625, , , , , , 
299,14.95, , , , ,0.392157, , , , , 
300,15, , , , , ,4.476,4.48, , , 
301,15.05,0.0625,-0.3125, , , , , , , , 
302,15.1, , ,-0.576, , , , , , , 
303,15.15, , , , , , , ,4, , 
304,15.2, , , ,-3.5625, , , , , , 
305,15.25, , , , ,0.392157, , , , , 
306,15.3, , , , , ,4.472,4.484, , , 
307,15.35,0.125,-0.25, , , , , , , , 
308,15.4, , ,-0.552, , , , , , , 
309,15.45, , , , , , , ,4, , 
310,15.5, , , ,-3.5625, , , , , , 
311,15.55, , , , ,0.392157, , , , , 
312,15.6, , , , , ,4.48,4.484, , , 
313,15.65,0.1875,-0.25, , , , , , , , 
314,15.7, , ,-0.552, , , , , , , 
315,15.75, , , ,-3.5625, , , , , , 
316,15.8, , , , , , , ,4, , 
317,15.85, , , , ,0.392157, , , , , 
318,15.9, , , , , ,4.48,4.48, , , 
319,15.95,0.1875,-0.1875, , , , , , , , 
320,16, , ,-0.504, , , , , , , 
321,16.05, , , ,-3.5625, , , , , , 
322,16.1, , , , ,0.392157, , , , , 
323,16.15,0.125,-0.125, , , , , , , , 
324,16.2, , , , , ,4.476,4.476, , , 
325,16.25, , ,-0.504, , , , , , , 
326,16.3, , , , , , , ,4, , 
327,16.35, , , , , , , , ,41.515625, 
328,16.4, , , ,-3.5625, , , , , , 
329,16.45, , , , ,0.392157, , , , , 
330,16.5, , , , , ,4.48,4.48, , , 
331,16.55,0.125,-0.1875, , , , , , , , 
332,16.6, , ,-0.528, , , , , , , 
333,16.65, , , , , , , , , ,0.392157
334,16.7, , , , , , , ,4, , 
335,16.75, , , ,-3.5625, , , , , , 
336,16.8, , , , ,0.392157, , , , , 
337,16.85, , , , , ,4.48,4.48, , , 
338,16.9,0.125,-0.25, , , , , , , , 
339,16.95, , ,-0.6, , , , , , , 
340,17, , , , , , , ,4, , 
341,17.05, , , ,-3.5625, , , , , , 
342,17.1, , , , ,0.392157, , , , , 
343,17.15, , , , , ,4.476,4.48, , , 
344,17.2,0.125,-0.3125, , , , , , , , 
345,17.25, , ,-0.624, , , , , , , 
346,17.3, , , ,-3.5625, , , , , , 
347,17.35, , , , , , , ,4, , 
348,17.4, , , , ,0.392157, , , , , 
349,17.45, , , , , ,4.476,4.472, , , 
350,17.5,0.125,-0.25, , , , , , , , 
351,17.55, , ,-0.672, , , , , , , 
352,17.6, , , ,-3.5625, , , , , , 
353,17.65, , , , ,0.392157, , , , , 
354,17.7, , , , , ,4.48,4.472, , , 
355,17.75,0.125,-0.1875, , , , , , , , 
356,17.8, , ,-0.696, , , , , , , 
357,17.85, , , , , , , ,4, , 
358,17.9, , , ,-3.5625, , , , , , 
359,17.95, , , , ,0.392157, , , , , 
360,18, , , , , ,4.48,4.472, , , 
361,18.05,0.0625,-0.1875, , , , , , , , 
362,18.1, , ,-0.696, , , , , , , 
363,18.15, , , , , , , ,4, , 
364,18.2, , , ,-3.5625, , , , , , 
365,18.25, , , , ,0.392157, , , , , 
366,18.3, , , , , ,4.468,4.468, , , 
367,18.35,0.0625,-0.1875, , , , , , , , 
368,18.4, , ,-0.672, , , , , , , 
369,18.45, , , , , , , ,4, , 
370,18.5, , , ,-3.5625, , , , , , 
371,18.55, , , , ,0.392157, , , , , 
372,18.6, , , , , ,4.484,4.476, , , 
373,18.65,0.125,-0.1875, , , , , , , , 
374,18.7, , ,-0.672, , , , , , , 
375,18.75, , , , , , , ,4, , 
376,18.8, , , ,-3.5, , , , , , 
377,18.85, , , , ,0.392157, , , , , 
378,18.9, , , , , ,4.472,4.484, , , 
379,18.95,0.125,-0.1875, , , , , , , , 
380,19, , ,-0.696, , , , , , , 
381,19.05, , , ,-3.5, , , , , , 
382,19.1, , , , ,0.392157, , , , , 
383,19.15, , , , , ,4.48,4.48, , , 
384,19.2,0.0625,-0.1875, , , , , , , , 
385,19.25, , ,-0.696, , , , , , , 
386,19.3, , , , , , , ,4, , 
387,19.35, , , , , , , , ,41.390625, 
388,19.4, , , ,-3.5, , , , , , 
389,19.45, , , , ,0.392157, , , , , 
390,19.5, , , , , ,4.476,4.476, , , 
391,19.55,0,-0.1875, , , , , , , , 
392,19.6, , ,-0.648, , , , , , , 
393,19.65, , , , , , , , , ,0.392157
394,19.7, , , , , , , ,4, , 
395,19.75, , , ,-3.5, , , , , , 
396,19.8, , , , ,0.392157, , , , , 
397,19.85, , , , , ,4.476,4.48, , , 
398,19.9,0,-0.1875, , , , , , , , 
399,19.95, , ,-0.624, , , , , , , 
400,20, , , , , , , ,4, , 
401,20.05, , , , , , , , , , 
402,20.1, , , ,-3.5, , , , , , 
403,20.15, , , , ,0.392157, , , , , 
404,20.2, , , , , ,4.48,4.48, , , 
405,20.25,0,-0.25, , , , , , , , 
406,20.3, , ,-0.624, , , , , , , 
407,20.35, , , ,-3.4375, , , , , , 
408,20.4, , , , , , , ,4, , 
409,20.45, , , , ,0.392157, , , , , 
410,20.5, , , , , ,4.472,4.488, , , 
411,20.55,0,-0.25, , , , , , , , 
412,20.6, , ,-0.624, , , , , , , 
413,20.65, , , ,-3.4375, , , , , , 
414,20.7, , , , ,0.392157, , , , , 
415,20.75, , , , , ,4.48,4.492, , , 
416,20.8,0,-0.1875, , , , , , , , 
417,20.85, , ,-0.648, , , , , , , 
418,20.9, , , , , , , ,4, , 
419,20.95, , , ,-3.375, , , , , , 
420,21, , , , ,0.392157, , , , , 
421,21.05, , , , , ,4.48,4.504, , , 
422,21.1,0,-0.125, , , , , , , , 
423,21.15, , ,-0.648, , , , , , , 
424,21.2, , , , , , , ,4, , 
425,21.25, , , , , , , , , , 
426,21.3, , , ,-3.3125, , , , , , 
427,21.35, , , , ,0.392157, , , , , 
428,21.4, , , , , ,4.472,4.496, , , 
429,21.45,0,-0.1875, , , , , , , , 
430,21.5, , ,-0.648, , , , , , , 
431,21.55, , , , , , , ,4, , 
432,21.6, , , ,-3.3125, , , , , , 
433,21.65, , , , ,0.392157, , , , , 
434,21.7, , , , , ,4.468,4.48, , , 
435,21.75,0,-0.1875, , , , , , , , 
436,21.8, , ,-0.624, , , , , , , 
437,21.85, , , ,-3.25, , , , , , 
438,21.9, , , , ,0.392157, , , , , 
439,21.95, , , , , , , ,4, , 
440,22, , , , , ,4.468,4.472, , , 
441,22.05,0,-0.1875, , , , , , , , 
442,22.1, , ,-0.552, , , , , , , 
443,22.15, , , ,-3.1875, , , , , , 
444,22.2, , , , ,0.392157, , , , , 
445,22.25, , , , , ,4.472,4.468, , , 
446,22.3,0.0625,-0.25, , , , , , , , 
447,22.35, , ,-0.48, , , , , , , 
448,22.4, , , , , , , ,4, , 
449,22.45, , , , , , , , ,41.4375, 
450,22.5, , , ,-3.125, , , , , , 
451,22.55, , , , ,0.392157, , , , , 
452,22.6, , , , , ,4.472,4.476, , , 
453,22.65,0.125,-0.3125, , , , , , , , 
454,22.7, , ,-0.408, , , , , , , 
455,22.75, , , , , , , , , ,0.392157
456,22.8, , , , , , , ,4, , 
457,22.85, , , ,-3.125, , , , , , 
458,22.9, , , , ,0.392157, , , , , 
459,22.95, , , , , ,4.48,4.476, , , 
460,23,0.1875,-0.25, , , , , , , , 
461,23.05, , ,-0.408, , , , , , , 
462,23.1, , , , , , , ,4, , 
463,23.15, , , ,-3.0625, , , , , , 
464,23.2, , , , ,0.392157, , , , , 
465,23.25, , , , , ,4.476,4.476, , , 
466,23.3,0.125,-0.25, , , , , , , , 
467,23.35, , ,-0.432, , , , , , , 
468,23.4, , , ,-3.0625, , , , , , 
469,23.45, , , , , , , ,4, , 
470,23.5, , , , ,0.392157, , , , , 
471,23.55, , , , , ,4.476,4.476, , , 
472,23.6,0.0625,-0.1875, , , , , , , , 
473,23.65, , ,-0.456, , , , , , , 
474,23.7, , , ,-3.0625, , , , , , 
475,23.75, , , , ,0.392157, , , , , 
476,23.8, , , , , ,4.476,4.472, , , 
477,23.85,0.125,-0.1875, , , , , , , , 
478,23.9, , ,-0.432, , , , , , , 
479,23.95, , , , , , , ,4, , 
480,24, , , ,-3.0625, , , , , , 
481,24.05, , , , ,0.392157, , , , , 
482,24.1, , , , , ,4.48,4.472, , , 
483,24.15,0.25,-0.1875, , , , , , , , 
484,24.2, , ,-0.36, , , , , , , 
485,24.25, , , , , , , ,4, , 
486,24.3, , , ,-3.0625, , , , , , 
487,24.35, , , , ,0.392157, , , , , 
488,24.4, , , , , ,4.472,4.464, , , 
489,24.45,0.3125,-0.1875, , , , , , , , 
490,24.5, , ,-0.336, , , , , , , 
491,24.55, , , , , , , ,4, , 
492,24.6, , , ,-3.0625, , , , , , 
493,24.65, , , , ,0.392157, , , , , 
494,24.7, , , , , ,4.472,4.464, , , 
495,24.75,0.25,-0.1875, , , , , , , , 
496,24.8, , ,-0.36, , , , , , , 
497,24.85, , , ,-3.0625, , , , , , 
498,24.9, , , , , , , ,4, , 
499,24.95, , , , ,0.392157, , , , , 
500,25, , , , , ,4.472,4.476, , , 
501,25.05,0.1875,-0.25, , , , , , , , 
502,25.1, , ,-0.432, , , , , , , 
503,25.15, , , ,-3.0625, , , , , , 
504,25.2, , , , ,0.392157, , , , , 
505,25.25,0.125,-0.25, , , , , , , , 
506,25.3, , , , , ,4.476,4.468, , , 
507,25.35, , ,-0.528, , , , , , , 
508,25.4, , , , , , , ,4, , 
509,25.45, , , , , , , , ,41.421875, 
510,25.5, , , ,-3.0625, , , , , , 
511,25.55, , , , ,0.392157, , , , , 
512,25.6, , , , , ,4.476,4.476, , , 
513,25.65,0.125,-0.25, , , , , , , , 
514,25.7, , ,-0.552, , , , , , , 
515,25.75, , , , , , , , , ,0.392157
516,25.8, , , , , , , ,4, , 
517,25.85, , , ,-3.0625, , , , , , 
518,25.9, , , , ,0.392157, , , , , 
519,25.95, , , , , ,4.484,4.472, , , 
520,26,0.1875,-0.25, , , , , , , , 
521,26.05, , ,-0.528, , , , , , , 
522,26.1, , , , , , , ,4, , 
523,26.15, , , ,-3.0625, , , , , , 
524,26.2, , , , ,0.392157, , , , , 
525,26.25, , , , , ,4.48,4.472, , , 
526,26.3,0.1875,-0.25, , , , , , , , 
527,26.35, , ,-0.456, , , , , , , 
528,26.4, , , ,-3.0625, , , , , , 
529,26.45, , , , , , , ,4, , 
530,26.5, , , , ,0.392157, , , , , 
531,26.55, , , , , ,4.468,4.476, , , 
532,26.6,0.125,-0.1875, , , , , , , , 
533,26.65, , ,-0.408, , , , , , , 
534,26.7, , , ,-3.0625, , , , , , 
535,26.75, , , , ,0.392157, , , , , 
536,26.8, , , , , ,4.476,4.468, , , 
537,26.85,0.125,-0.1875, , , , , , , , 
538,26.9, , ,-0.432, , , , , , , 
539,26.95, , , , , , , ,4, , 
540,27, , , ,-3.0625, , , , , , 
541,27.05, , , , ,0.392157, , , , , 
542,27.1, , , , , ,4.472,4.476, , , 
543,27.15,0.125,-0.1875, , , , , , , , 
544,27.2, , ,-0.504, , , , , , , 
545,27.25, , , , , , , ,4, , 
546,27.3, , , ,-3.0625, , , , , , 
547,27.35, , , , ,0.392157, , , , , 
548,27.4, , , , , ,4.48,4.48, , , 
549,27.45,0.0625,-0.25, , , , , , , , 
550,27.5, , ,-0.552, , , , , , , 
551,27.55, , , , , , , ,4, , 
552,27.6, , , , , , , , , , 
553,27.65, , , ,-3.0625, , , , , , 
554,27.7, , , , ,0.392157, , , , , 
555,27.75, , , , , ,4.476,4.476, , , 
556,27.8,0.0625,-0.25, , , , , , , , 
557,27.85, , ,-0.552, , , , , , , 
558,27.9, , , ,-3.0625, , , , , , 
559,27.95, , , , , , , ,4, , 
560,28, , , , ,0.392157, , , , , 
561,28.05, , , , , ,4.472,4.492, , , 
562,28.1,0,-0.25, , , , , , , , 
563,28.15, , ,-0.48, , , , , , , 
564,28.2, , , ,-3.0625, , , , , , 
565,28.25, , , , ,0.392157, , , , , 
566,28.3, , , , , ,4.468,4.488, , , 
567,28.35,0,-0.25, , , , , , , , 
568,28.4, , ,-0.432, , , , , , , 
569,28.45, , , , , , , ,4, , 
570,28.5, , , , , , , , ,41.484375, 
571,28.55, , , ,-3, , , , , , 
572,28.6, , , , ,0.392157, , , , , 
573,28.65, , , , , ,4.464,4.48, , , 
574,28.7,0,-0.1875, , , , , , , , 
575,28.75, , ,-0.432, , , , , , , 
576,28.8, , , , , , , , , ,0.392157
577,28.85, , , , , , , ,4, , 
578,28.9, , , , , , , , , , 
579,28.95, , , ,-3, , , , , , 
580,29, , , , ,0.392157, , , , , 
581,29.05, , , , , ,4.472,4.48, , , 
582,29.1,0,-0.125, , , , , , , , 
583,29.15, , ,-0.456, , , , , , , 
584,29.2, , , , , , , ,4, , 
585,29.25, , , ,-3, , , , , , 
586,29.3, , , , ,0.392157, , , , , 
587,29.35, , , , , ,4.472,4.476, , , 
588,29.4,0,-0.125, , , , , , , , 
589,29.45, , ,-0.48, , , , , , , 
590,29.5, , , ,-3, , , , , , 
591,29.55, , , , , , , ,4, , 
592,29.6, , , , ,0.392157, , , , , 
593,29.65, , , , , ,4.468,4.48, , , 
594,29.7,0,-0.1875, , , , , , , , 
595,29.75, , ,-0.456, , , , , , , 
596,29.8, , , ,-3, , , , , , 
597,29.85, , , , ,0.392157, , , , , 
598,29.9, , , , , ,4.472,4.476, , , 
599,29.95,0.125,-0.3125, , , , , , , , 
600,30, , ,-0.432, , , , , , , 
601,30.05, , , , , , , ,4, , 
602,30.1, , , ,-2.875, , , , , , 
603,30.15, , , , ,0.392157, , , , , 
604,30.2, , , , , ,4.48,4.484, , , 
605,30.25,0.125,-0.4375, , , , , , , , 
606,30.3, , ,-0.408, , , , , , , 
607,30.35, , , , , , , ,4, , 
608,30.4, , , ,-2.8125, , , , , , 
609,30.45, , , , ,0.392157, , , , , 
610,30.5, , , , , ,4.48,4.48, , , 
611,30.55,0.125,-0.5, , , , , , , , 
612,30.6, , ,-0.384, , , , , , , 
613,30.65, , , , , , , ,4, , 
614,30.7, , , ,-2.875, , , , , , 
615,30.75, , , , ,0.392157, , , , , 
616,30.8,0.0625,-0.3125, , , , , , , , 
617,30.85, , , , , ,4.464,4.464, , , 
618,30.9, , ,-0.384, , , , , , , 
619,30.95, , , ,-2.8125, , , , , , 
620,31, , , , , , , ,4, , 
621,31.05, , , , ,0.392157, , , , , 
622,31.1, , , , , ,4.48,4.48, , , 
623,31.15,0,-0.125, , , , , , , , 
624,31.2, , ,-0.432, , , , , , , 
625,31.25, , , ,-2.75, , , , , , 
626,31.3, , , , ,0.392157, , , , , 
627,31.35,0.0625,-0.125, , , , , , , , 
628,31.4, , , , , ,4.488,4.48, , , 
629,31.45, , ,-0.528, , , , , , , 
630,31.5, , , , , , , ,4, , 
631,31.55, , , , , , , , ,41.4375, 
632,31.6, , , ,-2.75, , , , , , 
633,31.65, , , , ,0.392157, , , , , 
634,31.7, , , , , ,4.484,4.472, , , 
635,31.75,0.1875,-0.25, , , , , , , , 
636,31.8, , ,-0.552, , , , , , , 
637,31.85, , , , , , , , , ,0.392157
638,31.9, , , , , , , ,4, , 
639,31.95, , , ,-2.75, , , , , , 
640,32, , , , ,0.392157, , , , , 
641,32.05, , , , , ,4.48,4.472, , , 
642,32.1,0.3125,-0.375, , , , , , , , 
643,32.15, , ,-0.48, , , , , , , 
644,32.2, , , , , , , ,4, , 
645,32.25, , , ,-2.75, , , , , , 
646,32.3, , , , ,0.392157, , , , , 
647,32.35, , , , , ,4.48,4.476, , , 
648,32.4,0.375,-0.375, , , , , , , , 
649,32.45, , ,-0.336, , , , , , , 
650,32.5, , , ,-2.8125, , , , , , 
651,32.55, , , , , , , ,4, , 
652,32.6, , , , ,0.392157, , , , , 
653,32.65, , , , , ,4.48,4.488, , , 
654,32.7,0.25,-0.25, , , , , , , , 
655,32.75, , ,-0.264, , , , , , , 
656,32.8, , , ,-2.8125, , , , , , 
657,32.85, , , , ,0.392157, , , , , 
658,32.9, , , , , ,4.492,4.488, , , 
659,32.95,0.125,0, , , , , , , , 
660,33, , ,-0.336, , , , , , , 
661,33.05, , , , , , , ,4, , 
662,33.1, , , ,-2.75, , , , , , 
663,33.15, , , , ,0.392157, , , , , 
664,33.2, , , , , ,4.488,4.484, , , 
665,33.25,0,0.0625, , , , , , , , 
666,33.3, , ,-0.48, , , , , , , 
667,33.35, , , , , , , ,4, , 
668,33.4, , , ,-2.75, , , , , , 
669,33.45, , , , ,0.392157, , , , , 
670,33.5, , , , , ,4.492,4.48, , , 
671,33.55,0.0625,0, , , , , , , , 
672,33.6, , ,-0.6, , , , , , , 
673,33.65, , , , , , , ,4, , 
674,33.7, , , ,-2.75, , , , , , 
675,33.75, , , , ,0.392157, , , , , 
676,33.8,0.125,-0.1875, , , , , , , , 
677,33.85, , , , , ,4.484,4.476, , , 
678,33.9, , ,-0.552, , , , , , , 
679,33.95, , , ,-2.75, , , , , , 
680,34, , , , ,0.392157, , , , , 
681,34.05, , , , , , , ,4, , 
682,34.1, , , , , ,4.472,4.488, , , 
683,34.15,0.25,-0.4375, , , , , , , , 
684,34.2, , ,-0.408, , , , , , , 
685,34.25, , , ,-2.75, , , , , , 
686,34.3, , , , ,0.392157, , , , , 
687,34.35, , , , , ,4.48,4.488, , , 
688,34.4,0.25,-0.5, , , , , , , , 
689,34.45, , ,-0.288, , , , , , , 
690,34.5, , , , , , , ,4, , 
691,34.55, , , , , , , , ,41.484375, 
692,34.6, , , ,-2.75, , , , , , 
693,34.65, , , , ,0.392157, , , , , 
694,34.7, , , , , ,4.488,4.484, , , 
695,34.75,0.0625,-0.375, , , , , , , , 
696,34.8, , ,-0.288, , , , , , , 
697,34.85, , , , , , , , , ,0.392157
698,34.9, , , , , , , ,4, , 
699,34.95, , , ,-2.75, , , , , , 
700,35, , , , ,0.392157, , , , , 
701,35.05, , , , , ,4.48,4.488, , , 
702,35.1,0,-0.25, , , , , , , , 
703,35.15, , ,-0.432, , , , , , , 
704,35.2, , , , , , , ,4, , 
705,35.25, , , ,-2.6875, , , , , , 
706,35.3, , , , , , , , , , 
707,35.35, , , , ,0.392157, , , , , 
708,35.4, , , , , ,4.464,4.468, , , 
709,35.45,-0.0625,0, , , , , , , , 
710,35.5, , ,-0.576, , , , , , , 
711,35.55, , , ,-2.6875, , , , , , 
712,35.6, , , , , , , ,4, , 
713,35.65, , , , ,0.392157, , , , , 
714,35.7, , , , , ,4.468,4.488, , , 
715,35.75,0,0, , , , , , , , 
716,35.8, , ,-0.6, , , , , , , 
717,35.85, , , ,-2.625, , , , , , 
718,35.9, , , , ,0.392157, , , , , 
719,35.95, , , , , ,4.472,4.48, , , 
720,36,0.0625,0, , , , , , , , 
721,36.05, , ,-0.552, , , , , , , 
722,36.1, , , , , , , ,4, , 
723,36.15, , , ,-2.625, , , , , , 
724,36.2, , , , ,0.392157, , , , , 
725,36.25, , , , , ,4.468,4.488, , , 
726,36.3,0.125,-0.125, , , , , , , , 
727,36.35, , ,-0.432, , , , , , , 
728,36.4, , , , , , , ,4, , 
729,36.45, , , , , , , , , , 
730,36.5, , , ,-2.625, , , , , , 
731,36.55, , , , ,0.392157, , , , , 
732,36.6, , , , , ,4.472,4.484, , , 
733,36.65,0.125,-0.3125, , , , , , , , 
734,36.7, , ,-0.36, , , , , , , 
735,36.75, , , , , , , ,4, , 
736,36.8, , , ,-2.625, , , , , , 
737,36.85, , , , ,0.392157, , , , , 
738,36.9, , , , , ,4.468,4.472, , , 
739,36.95,0,-0.4375, , , , , , , , 
740,37, , ,-0.36, , , , , , , 
741,37.05, , , ,-2.625, , , , , , 
742,37.1, , , , , , , ,4, , 
743,37.15, , , , ,0.392157, , , , , 
744,37.2, , , , , ,4.476,4.48, , , 
745,37.25,-0.125,-0.375, , , , , , , , 
746,37.3, , ,-0.384, , , , , , , 
747,37.35, , , ,-2.625, , , , , , 
748,37.4, , , , ,0.392157, , , , , 
749,37.45,-0.125,-0.3125, , , , , , , , 
750,37.5, , , , , ,4.484,4.464, , , 
751,37.55, , ,-0.384, , , , , , , 
752,37.6, , , , , , , ,4, , 
753,37.65, , , , , , , , ,41.5, 
754,37.7, , , ,-2.625, , , , , , 
755,37.75, , , , ,0.392157, , , , , 
756,37.8, , , , , ,4.452,4.424, , , 
757,37.85,0,-0.125, , , , , , , , 
758,37.9, , ,-0.336, , , , , , , 
759,37.95, , , , , , , , , ,0.392157
760,38, , , , , , , ,4, , 
761,38.05, , , ,-2.5625, , , , , , 
762,38.1, , , , ,0.392157, , , , , 
763,38.15, , , , , ,4.44,4.448, , , 
764,38.2,0.0625,-0.0625, , , , , , , , 
765,38.25, , ,-0.264, , , , , , , 
766,38.3, , , , , , , ,4, , 
767,38.35, , , ,-2.5, , , , , , 
768,38.4, , , , ,0.392157, , , , , 
769,38.45,0.1875,-0.1875, , , , , , , , 
770,38.5, , , , , ,4.448,4.416, , , 
771,38.55, , ,-0.216, , , , , , , 
772,38.6, , , ,-2.5625, , , , , , 
773,38.65, , , , , , , ,4, , 
774,38.7, , , , ,0.392157, , , , , 
775,38.75,0.1875,-0.375, , , , , , , , 
776,38.8, , , , , ,4.4,4.4, , , 
777,38.85, , ,-0.192, , , , , , , 
778,38.9, , , ,-2.5625, , , , , , 
779,38.95, , , , ,0.392157, , , , , 
780,39,0.125,-0.4375, , , , , , , , 
781,39.05, , , , , ,4.428,4.452, , , 
782,39.1, , ,-0.216, , , , , , , 
783,39.15, , , , , , , ,4, , 
784,39.2, , , ,-2.5625, , , , , , 
785,39.25, , , , ,0.392157, , , , , 
786,39.3, , , , , ,4.452,4.464, , , 
787,39.35,0,-0.4375, , , , , , , , 
788,39.4, , ,-0.24, , , , , , , 
789,39.45, , , , , , , ,4, , 
790,39.5, , , ,-2.5625, , , , , , 
791,39.55, , , , ,0.392157, , , , , 
792,39.6, , , , , ,4.476,4.472, , , 
793,39.65,0,-0.4375, , , , , , , , 
794,39.7, , ,-0.288, , , , , , , 
795,39.75, , , , , , , ,4, , 
796,39.8, , , ,-2.5625, , , , , , 
797,39.85, , , , ,0.392157, , , , , 
798,39.9,0,-0.25, , , , , , , , 
799,39.95, , , , , ,4.492,4.504, , , 
800,40, , ,-0.336, , , , , , , 
801,40.05, , , ,-2.5, , , , , , 
802,40.1, , , , , , , ,4, , 
803,40.15, , , , ,0.392157, , , , , 
804,40.2, , , , , ,4.504,4.496, , , 
805,40.25,0.0625,-0.0625, , , , , , , , 
806,40.3, , ,-0.336, , , , , , , 
807,40.35, , , ,-2.5, , , , , , 
808,40.4, , , , ,0.392157, , , , , 
809,40.45, , , , , ,4.5,4.48, , , 
810,40.5,0.1875,-0.0625, , , , , , , , 
811,40.55, , ,-0.288, , , , , , , 
812,40.6, , , , , , , ,4, , 
813,40.65, , , , , , , , ,41.328125, 
814,40.7, , , ,-2.5, , , , , , 
815,40.75, , , , ,0.392157, , , , , 
816,40.8, , , , , ,4.492,4.472, , , 
817,40.85,0.25,-0.125, , , , , , , , 
818,40.9, , ,-0.288, , , , , , , 
819,40.95, , , , , , , , , ,0.392157
820,41, , , , , , , ,4, , 
821,41.05, , , ,-2.5, , , , , , 
822,41.1, , , , ,0.392157, , , , , 
823,41.15, , , , , ,4.464,4.448, , , 
824,41.2,0.3125,-0.1875, , , , , , , , 
825,41.25, , ,-0.264, , , , , , , 
826,41.3, , , , , , , ,4, , 
827,41.35, , , ,-2.5625, , , , , , 
828,41.4, , , , ,0.392157, , , , , 
829,41.45,0.25,-0.3125, , , , , , , , 
830,41.5, , , , , ,4.452,4.448, , , 
831,41.55, , ,-0.288, , , , , , , 
832,41.6, , , ,-2.5625, , , , , , 
833,41.65, , , , , , , ,4, , 
834,41.7, , , , ,0.392157, , , , , 
835,41.75, , , , , ,4.452,4.468, , , 
836,41.8,0.0625,-0.375, , , , , , , , 
837,41.85, , ,-0.312, , , , , , , 
838,41.9, , , ,-2.5, , , , , , 
839,41.95, , , , ,0.392157, , , , , 
840,42, , , , , ,4.456,4.476, , , 
841,42.05,0,-0.3125, , , , , , , , 
842,42.1, , ,-0.336, , , , , , , 
843,42.15, , , , , , , ,4, , 
844,42.2, , , ,-2.5, , , , , , 
845,42.25, , , , ,0.392157, , , , , 
846,42.3, , , , , ,4.472,4.472, , , 
847,42.35,0,-0.1875, , , , , , , , 
848,42.4, , ,-0.312, , , , , , , 
849,42.45, , , , , , , ,4, , 
850,42.5, , , ,-2.5, , , , , , 
851,42.55, , , , ,0.392157, , , , , 
852,42.6, , , , , ,4.488,4.472, , , 
853,42.65,0.125,0, , , , , , , , 
854,42.7, , ,-0.288, , , , , , , 
855,42.75, , , , , , , ,4, , 
856,42.8, , , , , , , , , , 
857,42.85, , , ,-2.5, , , , , , 
858,42.9, , , , ,0.392157, , , , , 
859,42.95, , , , , ,4.488,4.468, , , 
860,43,0.25,0, , , , , , , , 
861,43.05, , ,-0.264, , , , , , , 
862,43.1, , , ,-2.5, , , , , , 
863,43.15, , , , , , , ,4, , 
864,43.2, , , , ,0.392157, , , , , 
865,43.25, , , , , ,4.488,4.464, , , 
866,43.3,0.1875,-0.125, , , , , , , , 
867,43.35, , ,-0.264, , , , , , , 
868,43.4, , , ,-2.5, , , , , , 
869,43.45, , , , ,0.392157, , , , , 
870,43.5,0.125,-0.25, , , , , , , , 
871,43.55, , , , , ,4.468,4.468, , , 
872,43.6, , ,-0.264, , , , , , , 
873,43.65, , , , , , , ,4, , 
874,43.7, , , , , , , , ,41.234375, 
875,43.75, , , ,-2.5625, , , , , , 
876,43.8, , , , ,0.392157, , , , , 
877,43.85, , , , , ,4.452,4.476, , , 
878,43.9,0.0625,-0.3125, , , , , , , , 
879,43.95, , ,-0.264, , , , , , , 
880,44, , , , , , , , , ,0.392157
881,44.05, , , , , , , ,4, , 
882,44.1, , , , , , , , , , 
883,44.15, , , ,-2.5, , , , , , 
884,44.2, , , , ,0.392157, , , , , 
885,44.25, , , , , ,4.452,4.464, , , 
886,44.3,0,-0.3125, , , , , , , , 
887,44.35, , ,-0.216, , , , , , , 
888,44.4, , , , , , , ,4, , 
889,44.45, , , ,-2.5, , , , , , 
890,44.5, , , , ,0.392157, , , , , 
891,44.55, , , , , ,4.456,4.468, , , 
892,44.6,0,-0.25, , , , , , , , 
893,44.65, , ,-0.144, , , , , , , 
894,44.7, , , ,-2.5, , , , , , 
895,44.75, , , , , , , ,4, , 
896,44.8, , , , ,0.392157, , , , , 
897,44.85,0,-0.1875, , , , , , , , 
898,44.9, , , , , ,4.468,4.464, , , 
899,44.95, , ,-0.144, , , , , , , 
900,45, , , ,-2.5, , , , , , 
901,45.05, , , , ,0.392157, , , , , 
902,45.1, , , , , ,4.468,4.46, , , 
903,45.15,0,-0.125, , , , , , , , 
904,45.2, , ,-0.192, , , , , , , 
905,45.25, , , , , , , ,4, , 
906,45.3, , , ,-2.5625, , , , , , 
907,45.35, , , , ,0.392157, , , , , 
908,45.4, , , , , ,4.452,4.464, , , 
909,45.45,0,-0.125, , , , , , , , 
910,45.5, , ,-0.312, , , , , , , 
911,45.55, , , , , , , ,4, , 
912,45.6, , , ,-2.5625, , , , , , 
913,45.65, , , , ,0.392157, , , , , 
914,45.7, , , , , ,4.46,4.46, , , 
915,45.75,0,-0.125, , , , , , , , 
916,45.8, , ,-0.408, , , , , , , 
917,45.85, , , , , , , ,4, , 
918,45.9, , , ,-2.5625, , , , , , 
919,45.95, , , , ,0.392157, , , , , 
920,46, , , , , ,4.456,4.468, , , 
921,46.05,0,-0.1875, , , , , , , , 
922,46.1, , ,-0.432, , , , , , , 
923,46.15, , , ,-2.5625, , , , , , 
924,46.2, , , , , , , ,4, , 
925,46.25, , , , ,0.392157, , , , , 
926,46.3,0,-0.25, , , , , , , , 
927,46.35, , , , , ,4.464,4.468, , , 
928,46.4, , ,-0.384, , , , , , , 
929,46.45, , , ,-2.5625, , , , , , 
930,46.5, , , , ,0.392157, , , , , 
931,46.55,0.0625,-0.3125, , , , , , , , 
932,46.6, , , , , ,4.48,4.468, , , 
933,46.65, , ,-0.336, , , , , , , 
934,46.7, , , , , , , ,4, , 
935,46.75, , , , , , , , ,41.265625, 
936,46.8, , , ,-2.5, , , , , , 
937,46.85, , , , ,0.392157, , , , , 
938,46.9, , , , , ,4.468,4.468, , , 
939,46.95,0.125,-0.3125, , , , , , , , 
940,47, , ,-0.288, , , , , , , 
941,47.05, , , , , , , , , ,0.392157
942,47.1, , , , , , , ,4, , 
943,47.15, , , ,-2.5, , , , , , 
944,47.2, , , , ,0.392157, , , , , 
945,47.25, , , , , ,4.48,4.456, , , 
946,47.3,0.1875,-0.1875, , , , , , , , 
947,47.35, , ,-0.264, , , , , , , 
948,47.4, , , , , , , ,4, , 
949,47.45, , , ,-2.375, , , , , , 
950,47.5, , , , ,0.392157, , , , , 
951,47.55, , , , , ,4.468,4.456, , , 
952,47.6,0.1875,-0.125, , , , , , , , 
953,47.65, , ,-0.288, , , , , , , 
954,47.7, , , ,-2.4375, , , , , , 
955,47.75, , , , , , , ,4, , 
956,47.8, , , , ,0.392157, , , , , 
957,47.85, , , , , ,4.452,4.46, , , 
958,47.9,0.25,-0.125, , , , , , , , 
959,47.95, , ,-0.36, , , , , , , 
960,48, , , ,-2.375, , , , , , 
961,48.05, , , , ,0.392157, , , , , 
962,48.1, , , , , ,4.452,4.456, , , 
963,48.15,0.1875,-0.25, , , , , , , , 
964,48.2, , ,-0.408, , , , , , , 
965,48.25, , , , , , , ,4, , 
966,48.3, , , ,-2.4375, , , , , , 
967,48.35, , , , ,0.392157, , , , , 
968,48.4, , , , , ,4.428,4.456, , , 
969,48.45,0.125,-0.3125, , , , , , , , 
970,48.5, , ,-0.384, , , , , , , 
971,48.55, , , , , , , ,4, , 
972,48.6, , , ,-2.375, , , , , , 
973,48.65, , , , ,0.392157, , , , , 
974,48.7, , , , , ,4.428,4.456, , , 
975,48.75,0.0625,-0.3125, , , , , , , , 
976,48.8, , ,-0.336, , , , , , , 
977,48.85, , , , , , , ,4, , 
978,48.9, , , ,-2.375, , , , , , 
979,48.95, , , , ,0.392157, , , , , 
980,49, , , , , ,4.448,4.456, , , 
981,49.05,0.0625,-0.3125, , , , , , , , 
982,49.1, , ,-0.312, , , , , , , 
983,49.15, , , ,-2.375, , , , , , 
984,49.2, , , , , , , ,4, , 
985,49.25, , , , ,0.392157, , , , , 
986,49.3, , , , , ,4.456,4.464, , , 
987,49.35,0.125,-0.375, , , , , , , , 
988,49.4, , ,-0.336, , , , , , , 
989,49.45, , , ,-2.375, , , , , , 
990,49.5, , , , ,0.392157, , , , , 
991,49.55,0.1875,-0.3125, , , , , , , , 
992,49.6, , , , , ,4.472,4.46, , , 
993,49.65, , ,-0.36, , , , , , , 
994,49.7, , , , , , , ,4, , 
995,49.75, , , , , , , , ,41.4375, 
996,49.8, , , ,-2.375, , , , , , 
997,49.85, , , , ,0.392157, , , , , 
